job_id | applicants | offers | rejections | offer_rate
-------+------------+--------+------------+-----------
201    | 5          | 0      | 0          | 0
202    | 1          | 1      | 0          | 1
203    | 3          | 0      | 2          | 0
204    | 3          | 1      | 0          | 0.33
205    | 2          | 0      | 1          | 0
206    | 2          | 0      | 1          | 0
207    | 3          | 1      | 1          | 0.33
208    | 2          | 1      | 0          | 0.5
209    | 2          | 0      | 0          | 0
(9 rows)
