cand_id | exp_yrs | ctc_lpa | ctc_missing | n_jobs_applied | n_rejected | n_login_days | got_offer
--------+---------+---------+-------------+----------------+------------+--------------+----------
101     | 2       | 8       | 0           | 3              | 0          | 5            | 1
102     | 5       | 18      | 0           | 3              | 1          | 2            | 1
103     | 0       | 0       | 1           | 3              | 1          | 0            | 0
104     | 7       | 30      | 0           | 3              | 0          | 4            | 1
105     | 3       | 12      | 0           | 3              | 1          | 1            | 0
106     | 1       | 5.5     | 0           | 0              | 0          | 0            | 0
107     | 10      | 42      | 0           | 2              | 1          | 3            | 1
108     | 4       | 15      | 0           | 2              | 0          | 0            | 0
109     | 2       | 9.5     | 0           | 3              | 1          | 2            | 0
110     | 6       | 24      | 0           | 0              | 0          | 0            | 0
(10 rows)
